ticker: ETH-USD
timeframe: 1d
is_running: True
start_time: 1741586931.1560428
timestamp: 2025-03-10T02:08:51.156042
