ticker: ETH-USD
timeframe: 1d
is_running: True
start_time: 1741585371.798998
timestamp: 2025-03-10T01:42:51.798998
