ticker: ETH-USD
timeframe: 1d
is_running: True
start_time: 1741586095.2275207
timestamp: 2025-03-10T01:54:55.227520
