best_mape: 999
best_rmse: 31622.776601683792
feature_params:
  atr_period: 7
  boll_nstd: 2.41824623584506
  boll_window: 31
  macd_fast: 12
  macd_signal: 11
  macd_slow: 21
  rsi_period: 5
  werpi_level: 2
  werpi_n_states: 2
  werpi_scale: 0.9807710384801597
  werpi_wavelet: db2
  wf_size: 30
range_cat: 1_to_7_days
submodel_params:
  lstm_dropout: 0.1735168253986044
  lstm_lookback: 43
  lstm_loss_function: huber_loss
  lstm_lr: 1.061942557046188e-05
  lstm_num_layers: 2
  lstm_units_layer_0: 32
  lstm_units_layer_1: 16
  rf_mdepth: 7
  rf_n_est: 293
  rnn_dropout: 0.021208362256380286
  rnn_lookback: 83
  rnn_loss_function: mean_absolute_error
  rnn_lr: 2.1453610502068576e-05
  rnn_num_layers: 2
  rnn_units_layer_0: 64
  rnn_units_layer_1: 16
  xgb_lr: 0.005170422596075939
  xgb_n_est: 235
ticker: ETH-USD
timeframe: 1d
weights:
  lstm: 0.27847676182836073
  random_forest: 0.2530092909941315
  rnn: 0.320105635784463
  xgboost: 0.14840831139304478
