current_mape: 999
current_rmse: 31622.776601683792
current_trial: 3457
cycle: 1
timestamp: 1740951062.4665747
total_trials: 5000
trial_progress: 0.6914
